0.000   0.000   0.000   0.000   0.000   -6390.000 
-0.837   -0.172   0.187   1.615   -0.177   -4225.000 
-0.065   -0.162   -0.708   0.966   -0.185   -4200.000 
-0.065   -0.162   -0.708   0.966   -0.185   -4295.000 
2.722   -0.135   -0.603   2.746   0.112   -4288.000 
3.191   0.056   0.594   4.497   1.390   -4238.000 
3.191   0.056   0.594   4.497   1.390   -4285.000 
2.815   -0.495   0.376   4.269   -0.818   -4253.000 
3.668   -0.201   1.796   3.008   -1.836   -4243.000 
3.667   0.790   2.726   2.788   -2.201   -4241.000 
5.431   0.278   4.546   2.999   -1.801   -4237.000 
5.431   0.278   4.546   2.999   -1.801   -4253.000 
4.007   0.372   5.529   3.981   -2.039   -4194.000 
4.007   0.372   5.529   3.981   -2.039   -4278.000 
4.359   0.082   5.184   2.885   -0.876   -4258.000 
2.914   1.007   4.183   1.845   -0.002   -4194.000 
