1.000   1.000   1.000   1.000   1.000   -4134.000 
0.163   0.828   1.187   2.615   0.823   -4116.000 
0.163   0.828   1.187   2.615   0.823   -4186.000 
2.040   -1.651   -0.497   1.851   0.969   -4064.000 
2.040   -1.651   -0.497   1.851   0.969   -4116.000 
1.665   -2.202   -0.715   1.624   -1.239   -4078.000 
1.665   -2.202   -0.715   1.624   -1.239   -4151.000 
2.259   -2.734   -0.450   1.519   -1.170   -4096.000 
2.863   -3.303   -0.160   2.376   -0.901   -4094.000 
5.591   -3.059   -2.432   1.886   -2.252   -4088.000 
5.591   -3.059   -2.432   1.886   -2.252   -4098.000 
5.943   -3.350   -2.777   0.790   -1.089   -4093.000 
4.498   -2.425   -3.777   -0.250   -0.214   -3860.000 
